5 5 11 9 8 12 12 6 12 9 6 12 8 10 14 8 10 9 14 7 8 13 5 12 14 8 6 8 13 10 7
12 8 9 14 6 13 7 9 7 12 8 7 10 8 7 9 7 7 11 7 9 7 13 8 11 10 8 14
13 17 17 17 18 7 8 11 7 11 11 6 15 5 14 14 6 14 13 5 12 17 5 13 10 17 11 8 5 7 14
8 10 5 5 7 17 19 19 14 9 19 5 9 17 11 6 14 5 9 21 9 8 10 6 6 15 17 19 10 12
6 14 19 20 18 16 10 10 7 22 17 20 23 19 19 20 11 9 10 23 10 10 17 23 22 18 6 17 10 11 20
26 15 25 17 17 18 12 9 13 5 16 26 23 6 24 13 11 6 19 25 18 17 8 20 10 27 7 25 19 25
14 10 9 19 34 7 13 14 32 12 25 26 8 23 28 5 10 14 17 26 33 14 34 23 15 20 5 27 6 31 26
25 30 20 8 6 8 36 30 32 24 18 6 14 25 9 38 8 35 33 36 22 14 38 25 15 39 36 36 13 10 8
11 21 8 12 22 19 20 32 18 9 17 34 13 18 12 15 24 34 6 24 7 16 24 16 22 34 24 16 29 18
18 5 23 29 10 7 22 6 16 5 9 21 16 12 10 13 12 28 18 11 24 25 20 5 21 17 19 26 11 28 8
9 17 17 10 17 5 18 7 18 8 19 9 6 12 19 6 15 5 9 14 7 16 11 14 18 13 18 14 8 12
10 10 7 9 7 8 13 9 10 10 14 13 11 11 5 13 9 11 9 7 6 14 13 9 11 3 4 12 7 7 14
